5;3;-7.019019666321351;3.923399066925049;2.710996627807617;6.1159987449646;[ 1.67060994  1.09932927 -0.97811165  1.65965683 -0.7709586  -0.99238148
  1.00887112  0.52678688 -0.88337864  1.59480669  0.21984339 -1.82233429
  1.72295075  0.1317534  -0.88720011]
;5;6;-4.397431763460675;4.061298251152039;2.8369991779327393;5.029032945632935;[ 0.2943935  -1.13593809  0.12717889  0.15481161 -0.4850814  -1.67658993
  0.0149285   0.2943935  -1.13593809  0.86980299 -1.13965784 -1.48102506
  1.00204583  0.0149285  -1.53241276]
;5;10;-3.3519630975076598;5.103939199447632;3.9090352058410645;10.753129959106445;[ 0.22828588  0.25464274  0.8448066   0.12145148 -1.2586292   0.44520508
 -0.39121056 -0.66425324  1.09992687 -0.74810572  0.2057799   0.69374734
 -1.34756345 -1.60234355 -1.98415731]
;5;14;-3.4075949315859457;4.2531229734420775;3.5530035495758057;5.042997598648071;[ 1.65953176 -0.2305346  -0.48691596  1.50981923  0.35277097 -1.23975811
 -0.04890103  0.30020837  1.28982328  1.59574656  1.07643767 -1.96973789
  0.87990571  0.37696371 -0.4538447 ]
;6;3;-7.320105141333417;2.952925777435303;2.451230764389038;3.921001434326172;[-1.25225248 -0.47488418 -0.94264883 -0.11733692  0.48227187 -1.88371217
 -0.02510549  1.45754125 -0.84024996 -1.25225248  0.36845781 -0.94264883
 -0.37882442  0.48227187 -0.5053327  -1.43425323  0.70815198 -1.89303798]
;6;6;-4.7571715828948244;2.9373348236083983;2.4920082092285156;4.084031581878662;[-0.99172172  0.51129418 -0.3590149  -0.58252115  1.25105437  0.78509223
 -1.85435038  0.98373351 -0.19567534  0.70289875  1.31169438  1.07763252
 -1.79009698  1.1994185   0.82464822 -0.57878778  1.58593529 -0.19567534]
;6;10;-2.926122406984872;2.8245920181274413;2.4649970531463623;3.253000259399414;[ 1.7779935   1.77905045 -1.28064921 -1.34580691  0.53126487  1.00806197
 -0.10296113  0.01039294  1.73079909  0.71072534 -0.57417954  1.71694498
  0.61400486  1.03853796 -0.38581031  1.5283933   1.51166806 -0.33519368]
;6;14;-2.953002193268351;2.8469513177871706;2.6100351810455322;3.5060384273529053;[ 0.65967118 -0.45691868 -0.19707635  0.56323122 -1.13646518  0.80133104
  1.16680512 -1.954182    1.62522141 -0.17934805 -0.61979409  0.38552914
  1.52774794  1.06942419 -0.14794159  1.36338267  1.03889376 -1.14619235]
;7;3;-10.086451334482666;6.480030798912049;4.220696210861206;8.223995685577393;[ 0.89911443  0.91308168 -0.65583923  0.68579183 -0.17041437  0.74205117
  0.52071202  0.0786853  -0.267091   -0.54236757 -0.66289822 -0.72900252
 -0.65583923  0.68579183 -0.67275333  0.05298827  0.99248248  0.0786853
 -0.267091   -0.54236757  0.69925246]
;7;6;-5.423283815395634;6.43167929649353;3.8352115154266357;8.955418586730957;[ 1.80901025  1.12993481  0.3728317   0.26045134  0.3681275  -0.07403665
  1.24044712  0.82232233 -0.39274146  1.67960513 -0.11166911 -0.37552923
 -0.80158587  0.44408662  0.10749131  0.58167281 -0.51158632  1.63618146
  0.30778106  1.41555437  0.0436797 ]
;7;10;-4.209104177430023;6.844528245925903;5.211015462875366;8.182703495025635;[ 0.6643408  -0.55949438  0.04310004  1.3441791  -1.21505783  0.33091426
 -1.26098443  0.72717396  1.3443609   1.57601832  0.6643408  -0.55949438
  0.04310004  0.16116395  1.06718076  0.49217116  0.50822948  0.29581997
  1.3443609   1.1167514   0.29055962]
;7;14;-4.621443588110699;6.597444796562195;4.656371116638184;8.262991905212402;[-0.25503226 -1.67159342 -0.28427963  1.46173237  0.96779918  1.78452648
  0.94553431 -1.73418429 -1.28323289  0.69253964  0.52717388  1.39103458
  0.60006163  1.57061557  1.47715874 -1.04112211 -1.32350235 -0.80209367
 -0.11350898 -1.29532509 -1.27043588]
;8;3;-10.358347701127778;5.017824244499207;4.016486406326294;6.219772577285767;[-0.27655134  0.16775651 -1.30426514  0.86656549  0.64679189 -1.55592574
  1.66621238 -0.10744351 -0.83819941  0.49214444  0.38141541 -0.55175787
  1.45000932 -1.56737846 -1.22256026 -0.19576596 -0.47570861 -0.28116733
  0.68740701 -0.61178483 -0.41261596 -1.35724835 -0.53460406  0.96283452]
;8;6;-5.900440670584226;4.2335346937179565;3.4605672359466553;6.221582412719727;[-0.95431942  0.09033248  1.76095252  0.07220475 -0.06753432 -0.37174123
 -0.79402771  0.91963391  1.15148321  0.46447967  1.54791123  0.48371851
 -1.3817242   1.58700501  1.71840984 -0.81471747 -0.11316939  0.83712042
 -1.67814105  0.90149625  0.66756845  0.73798785 -0.01712572  0.8049477 ]
;8;10;-5.6776439460792405;3.911815309524536;3.27347993850708;4.834670066833496;[ 1.24036799  0.74691107 -0.49765276  1.54685983 -1.8738142   1.79648381
  1.90279166  0.05516635  0.12836972  1.1358835   1.61235839 -1.02666585
 -1.48261436  0.77810255  1.86807583 -1.53519257  0.70199859 -1.18808796
  1.90279166  1.06036484  0.12836972  1.1358835   1.66980293  0.03801491]
;8;14;-3.053354982861598;4.171789574623108;3.467841625213623;5.794344902038574;[-0.34541219 -0.22776506 -1.56569161  1.80821737 -0.11647525 -1.6251126
 -0.3642196   0.62450387  1.03732846  0.69910079  1.73537625 -1.00548781
  0.71904926 -0.30181621 -1.54310052  1.18225134  0.01706648 -0.75344347
 -0.02669686  1.6930922  -1.86184269  0.03036098  0.8391868  -0.96312669]
;9;3;-12.92275144146963;11.781464409828185;6.0118842124938965;15.551942110061646;[ 0.96938441 -0.64686877  1.67551403 -0.89083687  0.27686375 -0.33046571
 -1.65143623 -1.07132814 -0.12914632 -0.0953614  -0.63188734 -0.43401422
  1.57040711 -1.27407694 -0.1586848  -1.70651573 -0.42706526 -0.68709054
 -0.91655748 -0.53041982  0.05006524  0.85371295 -1.25303068  0.85031015
 -0.10801548  0.12178449  0.23113781]
;9;6;-7.795724144376301;11.704503583908082;9.37779188156128;14.18812870979309;[ 0.8760933   0.07641118  1.84990414 -0.26682012 -1.58955372  0.73765309
 -1.5552244   0.11162968  0.10179341 -1.12794231  0.76918837 -0.85908893
 -1.10261991  0.8760933   0.11372124 -0.61319853 -0.20398426  0.08739079
 -1.51788318 -1.25219873 -1.24703664  0.10179341 -0.61123705  0.76918837
  0.05867292 -1.10261991 -0.04798154]
;9;10;-5.1060526852201;11.7914053440094;6.239741802215576;14.56943392753601;[ 0.51558507 -0.51826123  0.57825699  0.82948289  1.16751145  1.86617087
  1.82034672  0.8737882   1.67858338 -1.95970998  0.91930679  1.72348789
 -0.70441134 -0.8871609  -0.47054581  1.17158308  0.36421474  1.16072605
  0.15684281  1.0089033   1.11220749 -0.45489055 -0.72697562  0.62110537
 -1.40364258  1.56146996  0.45161713]
;9;14;-3.6832172015998017;11.694014954566956;7.153808355331421;13.891953706741333;[-0.96296536  0.29808565  1.90905559  1.23293399 -1.19019629 -0.21363436
 -1.60207147 -1.91600264 -1.40468802  1.961294   -0.98834708 -1.95964789
  0.64537714 -0.6066785   0.29808565  1.90905559  1.23293399  0.6080343
  1.95681289 -1.00423803 -0.99768622  1.73600477 -1.98585223 -0.64109127
  1.38893072  0.64537714 -0.18278119]
;10;3;-14.547740326970077;9.501365303993225;5.666368007659912;11.70262360572815;[-1.07938809  0.44980249  0.54028837  1.48564767  1.42796211 -0.44590506
  0.59284302  1.49360493  0.54101849 -0.25223109  1.07232642 -0.96426026
 -0.18566016  0.08271141 -1.35708483 -1.90595781  1.98876731 -1.63857286
 -1.07775996  1.16023291 -1.22343137  0.72837282  1.09117366 -0.62177697
  0.05740494  0.93322831 -0.03626396 -1.69207284  1.09601294 -0.43963598]
;10;6;-7.216919417846207;7.087436628341675;5.166470766067505;9.943899154663086;[-0.75766292 -1.25532973 -1.09333294 -0.66374197  0.67774468 -1.04537523
 -0.31550414 -1.28131883  0.76024093 -0.18059161  1.9605355   0.66518386
 -1.36262628 -0.41915912  0.035979   -1.50850651  0.89236494 -1.3819164
 -0.91150404 -1.33446914 -0.06370674 -0.31550414 -0.09185246  0.76024093
 -1.36225569  1.9605355   0.66518386 -1.36262628 -0.41915912 -1.25271207]
;10;10;-5.175406211476964;6.134623765945435;5.587435245513916;6.953893423080444;[ 0.76867196 -1.64108652  0.21414614 -0.1799587  -1.5608884   0.2604895
  0.94554434  0.29597124  0.01500292 -0.17424836 -0.25596955 -0.37747799
 -1.67840722  0.53923861 -0.95793348 -0.72012141 -1.90609036 -0.62942616
 -0.1799587  -1.48771019 -1.39618168  0.86483995 -0.71609016  0.01500292
 -0.9470153  -0.25596955  1.27881697 -1.67840722 -0.04792943 -0.11920474]
;10;14;-4.165866128175736;6.290257048606873;5.405166864395142;7.367310523986816;[-0.03586462  1.41458834 -0.2404051  -1.25276869 -0.93150976  0.11521351
  0.63472458  0.8983654   0.93511027 -0.88718305  0.81591154  1.75456032
  1.79943754 -1.2000273   1.48510976  1.29979001  0.58045256 -0.34818817
  1.48678016  0.44445994  0.86248013  1.97160801  1.11616147  0.20486193
  1.27720591 -0.2850742   1.75894205  0.77996934 -1.3052088   1.52128412]
;11;3;-15.846790343732;18.488407182693482;14.316901922225952;23.951266765594482;[ 1.14079426 -1.6290867  -1.20079412 -0.81056391  0.24387253 -0.53970441
 -1.39483981 -1.64737477 -1.28516609  0.31205336 -1.36620812 -0.91848873
 -0.52095528  1.64472199  1.80354413 -0.83760354 -0.3391917  -1.6290867
 -1.20079412 -0.81056391 -0.87139499 -1.20967808  0.90747237 -1.1821421
  0.21823973 -0.7721556  -1.65832169 -0.91848873 -0.12341462  0.34687588
  0.156306   -1.64565733 -1.71886404]
;11;6;-9.259666230025863;18.26294026374817;13.079779148101807;23.561285257339478;[-1.34821081 -0.21895092  0.80444994 -1.80936354  1.42999939  1.10621161
 -0.48908078 -1.53824919  0.47768024  1.6508075   1.34855937  0.32631167
 -1.02545428  0.76996103  1.81898729 -1.30154903  0.73654081  0.66795853
 -0.02740035  0.47891262  1.42999939  1.2394126  -0.48908078  0.24380728
 -0.93255667  1.6508075   1.29894466  0.32631167 -1.02545428  0.44483931
 -1.26343236  0.73797828 -0.2895903 ]
;11;10;-6.06799653014682;19.416635370254518;14.280335187911987;23.236608028411865;[ 1.98589776  1.0531402   1.57216441  0.42843564 -0.88878268  1.40687647
  1.25556295  0.45318641 -0.20806295  0.46492983  1.82300851  1.38481351
 -1.98051283 -0.49247476 -0.76932506  1.0940475  -0.34142208  0.54698871
  1.68235417  0.42843564  0.74931817  1.40687647  1.5841058   0.45318641
 -0.93680598 -0.31066883  0.50000941  1.01838992  1.76334138 -0.49247476
 -1.66556899 -0.87693471  0.22044267]
;11;14;-4.673248255713267;18.928363418579103;10.563102006912231;23.285671949386597;[ 0.4575693   1.34481325  0.45619667 -0.19387483  1.26720439 -1.06293449
  1.41093139  0.29899781 -1.87697789 -1.30073274 -1.23923094 -1.52418358
 -0.40379067  0.91607632  1.50839265  0.72859925  0.4575693   1.34481325
 -1.1442767   1.50718977 -1.39975068  1.50050767  0.30498873 -0.86512313
 -1.13172669  1.49289952  1.20345588  1.27444452  1.19755756  1.04860428
  1.50839265  1.63501125 -0.01094244]
